g Diamond
v 0 11.45465 29.8883
v 0 7 22.53137
v 3.149913 10.14991 29.8883
v -3.149913 10.14991 29.8883
v 0 7 22.53137
v 0 11.45465 29.8883
v -4.454649 7 29.8883
v 0 7 22.53137
v -3.149913 10.14991 29.8883
v -3.149913 3.850087 29.8883
v 0 7 22.53137
v 0 2.54535 29.8883
v 0 7 22.53137
v -3.149913 3.850087 29.8883
v 3.149913 3.850087 29.8883
v 0 7 22.53137
v 0 2.54535 29.8883
v 4.45465 7 29.8883
v 0 7 22.53137
v 3.149913 3.850087 29.8883
v 3.149913 10.14991 29.8883
v 0 7 22.53137
v 4.45465 7 29.8883
v 0 11.45465 29.8883
v 3.149913 10.14991 29.8883
v 0 7 37.03137
v -3.149913 10.14991 29.8883
v 0 11.45465 29.8883
v 0 7 37.03137
v -4.454649 7 29.8883
v -3.149913 10.14991 29.8883
v 0 7 37.03137
v -3.149913 3.850087 29.8883
v -4.454649 7 29.8883
v 0 7 37.03137
v 0 2.54535 29.8883
v -3.149913 3.850087 29.8883
v 0 7 37.03137
v 3.149913 3.850087 29.8883
v 0 2.54535 29.8883
v 0 7 37.03137
v 4.45465 7 29.8883
v 3.149913 3.850087 29.8883
v 0 7 37.03137
v 3.149913 10.14991 29.8883
v 4.45465 7 29.8883
v 0 7 37.03137
vt 0.2477067 0.02569651
vt 0.2460644 0.02569651
vt 0.2373643 0.02569651
vt 0.1492676 0.02569651
vt 0.1349138 0.02569651
vt 0.1370524 0.02569651
vt 0.03450736 0.02569651
vt 0.04673138 0.02569651
vt 0.03808762 0.02569651
vt 0.04285818 0.02569651
vt 0.06336325 0.02569651
vt 0.1616755 0.02569651
vt 0.1616755 0.02569651
vt 0.1436345 0.02569651
vt 0.2575139 0.02569651
vt 0.2353294 0.02569651
vt 0.2353294 0.02569651
vt 0.3661332 0.02569651
vt 0.3487612 0.02569651
vt 0.3508811 0.02569651
vt 0.3484903 0.02569651
vt 0.343057 0.02569651
vt 0.3624304 0.02569651
vt 0.7576733 0.02569651
vt 0.7478927 0.02569651
vt 0.7536258 0.02569651
vt 0.6509946 0.02569651
vt 0.6342888 0.02569651
vt 0.6434066 0.02569651
vt 0.5512017 0.02569651
vt 0.5418873 0.02569651
vt 0.5461419 0.02569651
vt 0.8438801 0.02569651
vt 0.8458833 0.02569651
vt 0.8447114 0.02569651
vt 0.7431206 0.02569651
vt 0.7711554 0.02569651
vt 0.762309 0.02569651
vt 0.6315321 0.02569651
vt 0.6633919 0.02569651
vt 0.637026 0.02569651
vt 0.529835 0.02569651
vt 0.5677798 0.02569651
vt 0.5528388 0.02569651
vt 0.8523811 0.02569651
vt 0.8364791 0.02569651
vt 0.8464061 0.02569651
vn 0 0.9999995 -0.000982594
vn 1.743983E-07 0 -1
vn 0.7071064 0.7071064 -0.0009826312
vn -0.7071065 0.7071064 -0.0009825937
vn 1.743983E-07 0 -1
vn 0 0.9999995 -0.000982594
vn -0.9999995 0 -0.000982656
vn 1.743983E-07 0 -1
vn -0.7071065 0.7071064 -0.0009825937
vn -0.7071065 -0.7071064 -0.0009826688
vn 1.743983E-07 0 -1
vn 3.373263E-07 -0.9999995 -0.0009826439
vn 1.743983E-07 0 -1
vn -0.7071065 -0.7071064 -0.0009826688
vn 0.7071065 -0.7071064 -0.0009826062
vn 1.743983E-07 0 -1
vn 3.373263E-07 -0.9999995 -0.0009826439
vn 0.9999995 0 -0.0009826315
vn 1.743983E-07 0 -1
vn 0.7071065 -0.7071064 -0.0009826062
vn 0.7071064 0.7071064 -0.0009826312
vn 1.743983E-07 0 -1
vn 0.9999995 0 -0.0009826315
vn 0 0.9999995 -0.000982594
vn 0.7071064 0.7071064 -0.0009826312
vn 1.365224E-07 0 1
vn -0.7071065 0.7071064 -0.0009825937
vn 0 0.9999995 -0.000982594
vn 1.365224E-07 0 1
vn -0.9999995 0 -0.000982656
vn -0.7071065 0.7071064 -0.0009825937
vn 1.365224E-07 0 1
vn -0.7071065 -0.7071064 -0.0009826688
vn -0.9999995 0 -0.000982656
vn 1.365224E-07 0 1
vn 3.373263E-07 -0.9999995 -0.0009826439
vn -0.7071065 -0.7071064 -0.0009826688
vn 1.365224E-07 0 1
vn 0.7071065 -0.7071064 -0.0009826062
vn 3.373263E-07 -0.9999995 -0.0009826439
vn 1.365224E-07 0 1
vn 0.9999995 0 -0.0009826315
vn 0.7071065 -0.7071064 -0.0009826062
vn 1.365224E-07 0 1
vn 0.7071064 0.7071064 -0.0009826312
vn 0.9999995 0 -0.0009826315
vn 1.365224E-07 0 1
g Diamond_0
f 3/3/3 2/2/2 1/1/1
f 6/6/6 5/5/5 4/4/4
f 9/9/9 8/8/8 7/7/7
f 7/7/7 11/11/11 10/10/10
f 14/14/14 13/13/13 12/12/12
f 17/17/17 16/16/16 15/15/15
f 20/20/20 19/19/19 18/18/18
f 23/23/23 22/22/22 21/21/21
f 26/26/26 25/25/25 24/24/24
f 29/29/29 28/28/28 27/27/27
f 32/32/32 31/31/31 30/30/30
f 35/35/35 34/34/34 33/33/33
f 38/38/38 37/37/37 36/36/36
f 41/41/41 40/40/40 39/39/39
f 44/44/44 43/43/43 42/42/42
f 47/47/47 46/46/46 45/45/45
